%YAML:1.0
cx: -1.7018038208373785e+00
cy: 6.6998339797906192e+00
disto: 9.2121269347308499e-01
focal90: 4.3247438993048308e+02
RMS: 3.8171006686873615e-01
