%YAML:1.0
cx: 8.4807467898745703e-01
cy: -1.0257855242770473e+01
disto: 9.2182855030404776e-01
focal90: 4.2791884058799337e+02
RMS: 2.1187991851142593e-01
