%YAML:1.0
cx: -9.0444526506744332e+00
cy: -1.0093092252660425e+01
disto: 9.2060790454223684e-01
focal90: 4.3227960545445791e+02
RMS: 4.1838851350293005e-01
