%YAML:1.0
cx: -1.1762171237435650e+01
cy: 3.6679237651473402e+00
disto: 9.2227502219787982e-01
focal90: 4.2724380662083121e+02
RMS: 2.9732250658907650e-01
