%YAML:1.0
R1: !!opencv-matrix
   rows: 3
   cols: 3
   dt: d
   data: [ 9.9997264146804810e-01, -7.3836985975503922e-03,
       4.3223603279329836e-04, 7.3836985975503922e-03,
       9.9997276067733765e-01, 1.5957722325765644e-06,
       -4.3223603279329836e-04, 1.5957722325765644e-06,
       9.9999988079071045e-01 ]
R2: !!opencv-matrix
   rows: 3
   cols: 3
   dt: d
   data: [ 9.9998684168218022e-01, -3.2970356390087515e-03,
       3.9224940773742783e-03, 3.2870287983823641e-03,
       9.9999169170598068e-01, 2.5507015024500575e-03,
       -3.9308707517947128e-03, -2.5377055255258276e-03,
       9.9998936256807403e-01 ]
R: !!opencv-matrix
   rows: 3
   cols: 3
   dt: d
   data: [ 9.9998546348723449e-01, -4.0966684733890982e-03,
       -3.4986348819260062e-03, 4.0877885548458786e-03,
       9.9998875177295687e-01, -2.5375346927986593e-03,
       3.5089889673070879e-03, 2.5232651597053924e-03,
       9.9999099446120387e-01 ]
T: !!opencv-matrix
   rows: 3
   cols: 1
   dt: d
   data: [ -7.0709818601608276e-01, 2.3313448764383793e-03,
       -2.7736246120184660e-03 ]
