%YAML:1.0
R1: !!opencv-matrix
   rows: 3
   cols: 3
   dt: d
   data: [ 9.9994236230850220e-01, -1.0659397579729557e-02,
       1.2995265424251556e-03, 1.0659397579729557e-02,
       9.9994319677352905e-01, 6.9262846409401391e-06,
       -1.2995265424251556e-03, 6.9262846409401391e-06,
       9.9999916553497314e-01 ]
R2: !!opencv-matrix
   rows: 3
   cols: 3
   dt: d
   data: [ 9.9996700930891014e-01, -8.0715951023077534e-03,
       9.6358643799314284e-04, 8.0682090659151533e-03,
       9.9996118993513716e-01, 3.4806521199344850e-03,
       -9.9164432682878156e-04, -3.4728474141570535e-03,
       9.9999355180730087e-01 ]
R: !!opencv-matrix
   rows: 3
   cols: 3
   dt: d
   data: [ 9.9999662496998254e-01, -2.5913018649098684e-03,
       3.0789603467806467e-04, 2.5923670747426378e-03,
       9.9999038362263371e-01, -3.4764076833115206e-03,
       -2.9888560950623838e-04, 3.4771093286041447e-03,
       9.9999397377406740e-01 ]
T: !!opencv-matrix
   rows: 3
   cols: 1
   dt: d
   data: [ -7.0708310604095459e-01, 5.7074879296123981e-03,
       -6.8135815672576427e-04 ]
