%YAML:1.0
M1: !!opencv-matrix
   rows: 3
   cols: 3
   dt: d
   data: [ 4.2456610219079670e+02, 0., -1.1762171237435609e+01, 0.,
       4.2456610219079670e+02, 3.6679237651472931e+00, 0., 0., 0. ]
M2: !!opencv-matrix
   rows: 3
   cols: 3
   dt: d
   data: [ 4.2499871153080454e+02, 0., 8.4807467898747291e-01, 0.,
       4.2499871153080454e+02, -1.0257855242770461e+01, 0., 0., 0. ]
D1: !!opencv-matrix
   rows: 4
   cols: 1
   dt: d
   data: [ 4.1651679547876812e-03, -8.0180606759266602e-04,
       -6.4745000135697894e-05, -1.1519313455577395e-06 ]
D2: !!opencv-matrix
   rows: 4
   cols: 1
   dt: d
   data: [ 4.5338278565369610e-03, -8.6976550024851676e-04,
       -6.9099012852625997e-05, -9.6236622463644994e-07 ]
