%YAML:1.0
M1: !!opencv-matrix
   rows: 3
   cols: 3
   dt: d
   data: [ 4.2919120221966261e+02, 0., -1.7018038208374264e+00, 0.,
       4.2919120221966261e+02, 6.6998339797905828e+00, 0., 0., 0. ]
M2: !!opencv-matrix
   rows: 3
   cols: 3
   dt: d
   data: [ 4.2867213654969424e+02, 0., -9.0444526506744296e+00, 0.,
       4.2867213654969424e+02, -1.0093092252660426e+01, 0., 0., 0. ]
D1: !!opencv-matrix
   rows: 4
   cols: 1
   dt: d
   data: [ 5.0418790193092295e-03, -9.6261882458019703e-04,
       7.4741112706172474e-05, -6.2989899097646978e-07 ]
D2: !!opencv-matrix
   rows: 4
   cols: 1
   dt: d
   data: [ 5.5402665258623696e-03, -1.0528031094528304e-03,
       7.9875199504446265e-05, -2.2549388102551728e-07 ]
